 -8.00000000e+01 -8.00000000e+01 -8.00000000e+01 -8.00000000e+01 -8.00000000e+01 -8.00000000e+01 -8.00000000e+01 -8.00000000e+01 -8.00000000e+01 -8.00000000e+01 -8.00000000e+01 -8.00000000e+01 -8.00000000e+01 -8.00000000e+01 -8.00000000e+01 -8.00000000e+01 -8.00000000e+01 -8.00000000e+01
 -4.00000000e+01 -1.06805675e+02 -9.76818025e+01 -9.14812358e+01 -8.73350782e+01 -8.46019532e+01 -8.28237872e+01 -8.16819137e+01 -8.09589722e+01 -8.05088956e+01 -8.02346701e+01 -8.00724898e+01 -7.92182361e+01 -7.99807563e+01 -7.94271369e+01 -7.99325902e+01 -7.95750357e+01 -7.99107760e+01
 -4.00000000e+01 -9.93815920e+01 -9.22452900e+01 -8.74440802e+01 -8.43073456e+01 -8.23113713e+01 -8.10763677e+01 -8.03380845e+01 -7.99175747e+01 -7.96960651e+01 -7.95960307e+01 -7.95676614e+01 -7.88633414e+01 -7.95794791e+01 -7.91308757e+01 -7.96119863e+01 -7.93286905e+01 -7.96533951e+01
 -4.00000000e+01 -9.19575512e+01 -8.67887535e+01 -8.33884491e+01 -8.12660379e+01 -8.00114942e+01 -7.93227542e+01 -7.89901740e+01 -7.88735003e+01 -7.88814814e+01 -7.89562432e+01 -7.90620806e+01 -7.85078411e+01 -7.91777090e+01 -7.88342152e+01 -7.92910585e+01 -7.90820822e+01 -7.93958011e+01
 -4.00000000e+01 -8.45335471e+01 -8.13115768e+01 -7.93136267e+01 -7.82105989e+01 -7.77019525e+01 -7.75627203e+01 -7.76380495e+01 -7.78266731e+01 -7.80651021e+01 -7.83152843e+01 -7.85557347e+01 -7.81517234e+01 -7.87754387e+01 -7.85371493e+01 -7.89698030e+01 -7.88352078e+01 -7.91379919e+01
 -4.00000000e+01 -7.71095745e+01 -7.58130203e+01 -7.52188051e+01 -7.51404198e+01 -7.53823499e+01 -7.57960262e+01 -7.62815720e+01 -7.67770147e+01 -7.72468836e+01 -7.76731298e+01 -7.80486106e+01 -7.77949764e+01 -7.83726612e+01 -7.82396718e+01 -7.86482159e+01 -7.85880638e+01 -7.88799655e+01
 -4.00000000e+01 -6.96856282e+01 -7.02921891e+01 -7.11030656e+01 -7.20548309e+01 -7.30522599e+01 -7.40224180e+01 -7.49205958e+01 -7.57244435e+01 -7.64267808e+01 -7.70297552e+01 -7.75406948e+01 -7.74375880e+01 -7.79693689e+01 -7.79417763e+01 -7.83262932e+01 -7.83406470e+01 -7.86217196e+01
 -4.00000000e+01 -6.22617028e+01 -6.47479916e+01 -6.69653546e+01 -6.89530911e+01 -7.07112215e+01 -7.22416258e+01 -7.35549682e+01 -7.46688748e+01 -7.56047474e+01 -7.63851353e+01 -7.70319739e+01 -7.70795457e+01 -7.75655547e+01 -7.76434565e+01 -7.80040309e+01 -7.80929541e+01 -7.83632521e+01
 -4.00000000e+01 -5.48377931e+01 -5.91790856e+01 -6.28044540e+01 -6.58343761e+01 -6.83587348e+01 -7.04533623e+01 -7.21845288e+01 -7.36102206e+01 -7.47807355e+01 -7.57392443e+01 -7.65224338e+01 -7.67208368e+01 -7.71612107e+01 -7.73447058e+01 -7.76814249e+01 -7.78449817e+01 -7.81045608e+01
 -4.00000000e+01 -4.74138939e+01 -5.35838075e+01 -5.86189432e+01 -6.26977636e+01 -6.59942564e+01 -6.86573212e+01 -7.08091090e+01 -7.25483891e+01 -7.39546956e+01 -7.50920555e+01 -7.60120604e+01 -7.63614485e+01 -7.67563295e+01 -7.70455175e+01 -7.73584711e+01 -7.75967263e+01 -7.78456435e+01
