 -4.00000000e+01 -4.00000000e+01 -4.00000000e+01 -4.00000000e+01 -4.00000000e+01 -4.00000000e+01 -4.00000000e+01 -4.00000000e+01 -4.00000000e+01 -4.00000000e+01 -4.00000000e+01 -4.00000000e+01 -4.00000000e+01 -4.00000000e+01 -4.00000000e+01 -4.00000000e+01 -4.00000000e+01 -4.00000000e+01
 -2.00000000e+01 -5.33861072e+01 -4.88381374e+01 -4.57527408e+01 -4.36874038e+01 -4.23222105e+01 -4.14307839e+01 -4.08559778e+01 -4.04904283e+01 -4.02617367e+01 -4.01216160e+01 -3.94531313e+01 -4.00381672e+01 -3.96029519e+01 -3.99905110e+01 -3.97080366e+01 -3.99650944e+01 -3.97823943e+01
 -2.00000000e+01 -4.96753839e+01 -4.61136349e+01 -4.37302604e+01 -4.21715774e+01 -4.11757207e+01 -4.05559421e+01 -4.01826859e+01 -3.99679899e+01 -3.98531903e+01 -3.97997836e+01 -3.92403018e+01 -3.97828848e+01 -3.94233274e+01 -3.97866843e+01 -3.95571603e+01 -3.98013201e+01 -3.96560232e+01
 -2.00000000e+01 -4.59646764e+01 -4.33805040e+01 -4.16986685e+01 -4.06483398e+01 -4.00237599e+01 -3.96772483e+01 -3.95067513e+01 -3.94437656e+01 -3.94434480e+01 -3.94771543e+01 -3.90268178e+01 -3.95270733e+01 -3.92432687e+01 -3.95825063e+01 -3.94059962e+01 -3.96373126e+01 -3.95294613e+01
 -2.00000000e+01 -4.22539826e+01 -4.06384154e+01 -3.96576332e+01 -3.91174474e+01 -3.88661710e+01 -3.87946075e+01 -3.88281190e+01 -3.89177244e+01 -3.90324923e+01 -3.91537186e+01 -3.88126707e+01 -3.92707273e+01 -3.90627715e+01 -3.93779741e+01 -3.92545421e+01 -3.94730702e+01 -3.94027073e+01
 -2.00000000e+01 -3.85433008e+01 -3.78869994e+01 -3.76067914e+01 -3.75786387e+01 -3.77027876e+01 -3.79079204e+01 -3.81467318e+01 -3.83898342e+01 -3.86203055e+01 -3.88294667e+01 -3.85978522e+01 -3.90138415e+01 -3.88818312e+01 -3.91730847e+01 -3.91027956e+01 -3.93085912e+01 -3.92757599e+01
 -2.00000000e+01 -3.48326288e+01 -3.51258404e+01 -3.55457455e+01 -3.60316330e+01 -3.65334336e+01 -3.70170831e+01 -3.74625306e+01 -3.78600620e+01 -3.82068695e+01 -3.85043887e+01 -3.83823536e+01 -3.87564103e+01 -3.87004433e+01 -3.89678352e+01 -3.89507541e+01 -3.91438741e+01 -3.91486179e+01
 -2.00000000e+01 -3.11219647e+01 -3.23544703e+01 -3.34740586e+01 -3.44761275e+01 -3.53579222e+01 -3.61219869e+01 -3.67754540e+01 -3.73283737e+01 -3.77921655e+01 -3.81784744e+01 -3.81661660e+01 -3.84984282e+01 -3.85186032e+01 -3.87622226e+01 -3.87984154e+01 -3.89789172e+01 -3.90212799e+01
 -2.00000000e+01 -2.74113065e+01 -2.95723610e+01 -3.13912500e+01 -3.29117962e+01 -3.41760554e+01 -3.52225176e+01 -3.60854382e+01 -3.67947343e+01 -3.73761746e+01 -3.78517136e+01 -3.79492806e+01 -3.82398896e+01 -3.83363061e+01 -3.85562437e+01 -3.86457769e+01 -3.88137189e+01 -3.88937448e+01
 -2.00000000e+01 -2.37006523e+01 -2.67789153e+01 -2.92967896e+01 -3.13382865e+01 -3.29876223e+01 -3.43185556e+01 -3.53924170e+01 -3.62591078e+01 -3.69588772e+01 -3.75240957e+01 -3.77316881e+01 -3.79807888e+01 -3.81535474e+01 -3.83498955e+01 -3.84928361e+01 -3.86482774e+01 -3.87660111e+01
