 -6.00000000e+01 -6.00000000e+01 -6.00000000e+01 -6.00000000e+01 -6.00000000e+01 -6.00000000e+01 -6.00000000e+01 -6.00000000e+01 -6.00000000e+01 -6.00000000e+01 -6.00000000e+01 -6.00000000e+01 -6.00000000e+01 -6.00000000e+01 -6.00000000e+01 -6.00000000e+01 -6.00000000e+01 -6.00000000e+01
 -3.00000000e+01 -8.01651403e+01 -7.33524325e+01 -6.87073573e+01 -6.55884215e+01 -6.35232446e+01 -6.21735723e+01 -6.13029486e+01 -6.07491991e+01 -6.04027504e+01 -6.01904604e+01 -6.00640030e+01 -5.94069131e+01 -5.99917405e+01 -5.95653599e+01 -5.99531519e+01 -5.96774310e+01 -5.99350453e+01
 -3.00000000e+01 -7.45900426e+01 -6.92642563e+01 -6.56727692e+01 -6.33142391e+01 -6.18039160e+01 -6.08626763e+01 -6.02952337e+01 -5.99684479e+01 -5.97933547e+01 -5.97115181e+01 -5.96851679e+01 -5.91421240e+01 -5.96902954e+01 -5.93437084e+01 -5.97119404e+01 -5.94925674e+01 -5.97409963e+01
 -3.00000000e+01 -6.90149738e+01 -6.51614011e+01 -6.26235421e+01 -6.10286433e+01 -6.00764188e+01 -5.95461568e+01 -5.92837241e+01 -5.91851638e+01 -5.91822787e+01 -5.92314648e+01 -5.93055992e+01 -5.88767376e+01 -5.93883666e+01 -5.91216622e+01 -5.94704095e+01 -5.93074433e+01 -5.95467361e+01
 -3.00000000e+01 -6.34399305e+01 -6.10433374e+01 -5.95591100e+01 -5.87312062e+01 -5.83404720e+01 -5.82238425e+01 -5.82683196e+01 -5.83992900e+01 -5.85694905e+01 -5.87502828e+01 -5.89252874e+01 -5.86107452e+01 -5.90859488e+01 -5.88992169e+01 -5.92285563e+01 -5.91220561e+01 -5.93522631e+01
 -3.00000000e+01 -5.78649088e+01 -5.69094458e+01 -5.64788387e+01 -5.64214611e+01 -5.65957747e+01 -5.68955523e+01 -5.72489156e+01 -5.76107673e+01 -5.79549575e+01 -5.82679542e+01 -5.85442227e+01 -5.83441383e+01 -5.87830365e+01 -5.86763679e+01 -5.89863778e+01 -5.89364035e+01 -5.91575759e+01
 -3.00000000e+01 -5.22899053e+01 -5.27589988e+01 -5.33820145e+01 -5.40988971e+01 -5.48420042e+01 -5.55610948e+01 -5.62254026e+01 -5.68195347e+01 -5.73386459e+01 -5.77844606e+01 -5.81623949e+01 -5.80769079e+01 -5.84796242e+01 -5.84531106e+01 -5.87438711e+01 -5.87504830e+01 -5.89626726e+01
 -3.00000000e+01 -4.67149163e+01 -4.85911382e+01 -5.02678305e+01 -5.17629529e+01 -5.30788133e+01 -5.42202675e+01 -5.51976664e+01 -5.60255288e+01 -5.67205210e+01 -5.72997831e+01 -5.77797940e+01 -5.78090452e+01 -5.81757064e+01 -5.82294403e+01 -5.85010332e+01 -5.85642923e+01 -5.87675518e+01
 -3.00000000e+01 -4.11399382e+01 -4.44048478e+01 -4.71353697e+01 -4.94130100e+01 -5.13058277e+01 -5.28728556e+01 -5.41655871e+01 -5.52286838e+01 -5.61005472e+01 -5.68139025e+01 -5.73964096e+01 -5.75405410e+01 -5.78712775e+01 -5.80053524e+01 -5.82578610e+01 -5.83778288e+01 -5.85722118e+01
 -3.00000000e+01 -3.55649673e+01 -4.01989184e+01 -4.39835859e+01 -4.70483842e+01 -4.95226430e+01 -5.15186310e+01 -5.31290390e+01 -5.44289316e+01 -5.54786876e+01 -5.63267989e+01 -5.70122311e+01 -5.72713859e+01 -5.75663316e+01 -5.77808419e+01 -5.80143514e+01 -5.81910900e+01 -5.83766508e+01
