 -1.00000000e+02 -1.00000000e+02 -1.00000000e+02 -1.00000000e+02 -1.00000000e+02 -1.00000000e+02 -1.00000000e+02 -1.00000000e+02 -1.00000000e+02 -1.00000000e+02 -1.00000000e+02 -1.00000000e+02 -1.00000000e+02 -1.00000000e+02 -1.00000000e+02 -1.00000000e+02 -1.00000000e+02 -1.00000000e+02
 -5.00000000e+01 -1.33265710e+02 -1.21778353e+02 -1.14035035e+02 -1.08899211e+02 -1.05539560e+02 -1.03369390e+02 -1.01985313e+02 -1.01115043e+02 -1.00577246e+02 -1.00252416e+02 -1.00062476e+02 -9.99568239e+01 -9.92936860e+01 -9.99029320e+01 -9.94753772e+01 -9.98800806e+01 -9.96055801e+01
 -5.00000000e+01 -1.24012702e+02 -1.15010192e+02 -1.09005438e+02 -1.05123214e+02 -1.02679681e+02 -1.01185198e+02 -1.00303762e+02 -9.98106506e+01 -9.95583228e+01 -9.94513921e+01 -9.94291055e+01 -9.94533972e+01 -9.89187748e+01 -9.95008855e+01 -9.91644068e+01 -9.95575916e+01 -9.93483196e+01
 -5.00000000e+01 -1.14759747e+02 -1.08218395e+02 -1.03956082e+02 -1.01333807e+02 -9.98111752e+01 -9.89955280e+01 -9.86187288e+01 -9.85040361e+01 -9.85379726e+01 -9.86494475e+01 -9.87951392e+01 -9.89495827e+01 -9.85435541e+01 -9.90985864e+01 -9.88532331e+01 -9.92349374e+01 -9.90909255e+01
 -5.00000000e+01 -1.05506839e+02 -1.01402325e+02 -9.88861522e+01 -9.75303463e+01 -9.69336158e+01 -9.68001172e+01 -9.69300615e+01 -9.71951119e+01 -9.75161471e+01 -9.78465558e+01 -9.81605619e+01 -9.84453726e+01 -9.81680170e+01 -9.86960303e+01 -9.85418524e+01 -9.89121155e+01 -9.88333958e+01
 -5.00000000e+01 -9.62539715e+01 -9.45612181e+01 -9.37947399e+01 -9.37121348e+01 -9.40465463e+01 -9.45986900e+01 -9.52375997e+01 -9.58837877e+01 -9.64927962e+01 -9.70426894e+01 -9.75253586e+01 -9.79407586e+01 -9.77921561e+01 -9.82932126e+01 -9.82302608e+01 -9.85891236e+01 -9.85757285e+01
 -5.00000000e+01 -8.70011371e+01 -8.76941400e+01 -8.86808188e+01 -8.98784093e+01 -9.11494781e+01 -9.23909550e+01 -9.35411765e+01 -9.45699699e+01 -9.54678682e+01 -9.62378200e+01 -9.68895140e+01 -9.74357324e+01 -9.74159642e+01 -9.78901290e+01 -9.79184546e+01 -9.82659591e+01 -9.83179216e+01
 -5.00000000e+01 -7.77483294e+01 -8.07999341e+01 -8.35432155e+01 -8.60283300e+01 -8.82418850e+01 -9.01766033e+01 -9.18406165e+01 -9.32535614e+01 -9.44413099e+01 -9.54319188e+01 -9.62530125e+01 -9.69302857e+01 -9.70394337e+01 -9.74867748e+01 -9.76064299e+01 -9.79426197e+01 -9.80599732e+01
 -5.00000000e+01 -6.84955418e+01 -7.38771453e+01 -7.83805707e+01 -8.21609651e+01 -8.53231983e+01 -8.79553066e+01 -9.01357364e+01 -9.19344612e+01 -9.34130664e+01 -9.46249561e+01 -9.56158382e+01 -9.64244100e+01 -9.66625571e+01 -9.70831453e+01 -9.72941827e+01 -9.76191028e+01 -9.78018812e+01
 -5.00000000e+01 -5.92427676e+01 -6.69239180e+01 -7.31912895e+01 -7.82752719e+01 -8.23928003e+01 -8.57267156e+01 -8.84263430e+01 -9.06125644e+01 -9.23830810e+01 -9.38169015e+01 -9.49779747e+01 -9.59180964e+01 -9.62853267e+01 -9.66792359e+01 -9.69817092e+01 -9.72954059e+01 -9.75436435e+01
