 -2.00000000e+01 -2.00000000e+01 -2.00000000e+01 -2.00000000e+01 -2.00000000e+01 -2.00000000e+01 -2.00000000e+01 -2.00000000e+01 -2.00000000e+01 -2.00000000e+01 -2.00000000e+01 -2.00000000e+01 -2.00000000e+01 -2.00000000e+01 -2.00000000e+01 -2.00000000e+01 -2.00000000e+01 -2.00000000e+01
 -1.00000000e+01 -2.65850744e+01 -2.42872612e+01 -2.27560599e+01 -2.17458490e+01 -2.10859702e+01 -2.06593876e+01 -2.03867697e+01 -2.02148833e+01 -1.94749591e+01 -2.01083196e+01 -1.96249598e+01 -2.00437183e+01 -1.97287468e+01 -2.00057768e+01 -1.98010828e+01 -1.99845483e+01 -1.98519234e+01
 -1.00000000e+01 -2.47411636e+01 -2.29314529e+01 -2.17481115e+01 -2.09886627e+01 -2.05113928e+01 -2.02190917e+01 -2.00461701e+01 -1.99490038e+01 -1.93198249e+01 -1.98989536e+01 -1.94915067e+01 -1.98774685e+01 -1.96148848e+01 -1.98726875e+01 -1.97044307e+01 -1.98771507e+01 -1.97700938e+01
 -1.00000000e+01 -2.28972576e+01 -2.15726393e+01 -2.07368889e+01 -2.02287529e+01 -1.99347717e+01 -1.97773387e+01 -1.97045609e+01 -1.96824360e+01 -1.91641168e+01 -1.96891232e+01 -1.93576691e+01 -1.97109067e+01 -1.95007660e+01 -1.97393890e+01 -1.96076071e+01 -1.97696128e+01 -1.96881495e+01
 -1.00000000e+01 -2.10533558e+01 -2.02107350e+01 -1.97223091e+01 -1.94660602e+01 -1.93560693e+01 -1.93341062e+01 -1.93619290e+01 -1.94151726e+01 -1.90078282e+01 -1.94788243e+01 -1.92234435e+01 -1.95440306e+01 -1.93863884e+01 -1.96058800e+01 -1.95106110e+01 -1.96619341e+01 -1.96060900e+01
 -1.00000000e+01 -1.92094577e+01 -1.88456493e+01 -1.87042850e+01 -1.87005229e+01 -1.87752466e+01 -1.88893711e+01 -1.90182612e+01 -1.91472062e+01 -1.88509528e+01 -1.92680526e+01 -1.90888264e+01 -1.93768380e+01 -1.92717503e+01 -1.94721594e+01 -1.94134414e+01 -1.95541137e+01 -1.95239148e+01
 -1.00000000e+01 -1.73655625e+01 -1.74772856e+01 -1.76827246e+01 -1.79320764e+01 -1.81922634e+01 -1.84431098e+01 -1.86735441e+01 -1.88785293e+01 -1.86934838e+01 -1.90568040e+01 -1.89538143e+01 -1.92093264e+01 -1.91568496e+01 -1.93382258e+01 -1.93160974e+01 -1.94461510e+01 -1.94416233e+01
 -1.00000000e+01 -1.55216698e+01 -1.61055408e+01 -1.66575313e+01 -1.71606537e+01 -1.76070782e+01 -1.79952980e+01 -1.83277639e+01 -1.86091342e+01 -1.85354146e+01 -1.88450741e+01 -1.88184036e+01 -1.90414936e+01 -1.90416847e+01 -1.92040780e+01 -1.92185778e+01 -1.93380452e+01 -1.93592149e+01
 -1.00000000e+01 -1.36777789e+01 -1.47303053e+01 -1.56286030e+01 -1.63861846e+01 -1.70196479e+01 -1.75459105e+01 -1.79809065e+01 -1.83390130e+01 -1.83767383e+01 -1.86328587e+01 -1.86825907e+01 -1.88733371e+01 -1.89262534e+01 -1.90697145e+01 -1.91208816e+01 -1.92297958e+01 -1.92766892e+01
 -1.00000000e+01 -1.18338891e+01 -1.33514621e+01 -1.45958324e+01 -1.56085960e+01 -1.64299279e+01 -1.70949218e+01 -1.76329574e+01 -1.80681579e+01 -1.82174481e+01 -1.84201533e+01 -1.85463720e+01 -1.87048545e+01 -1.88105539e+01 -1.89351342e+01 -1.90230079e+01 -1.91214018e+01 -1.91940455e+01
