 4.42232270e-01 3.62347524e-01 3.62347524e-01 3.62347524e-01 3.62347524e-01 3.62347524e-01 3.62347524e-01 3.62347524e-01 3.62347524e-01 3.62347524e-01 3.62347524e-01 3.62347524e-01 3.62347524e-01 3.62347524e-01 3.62347524e-01 3.62347524e-01 3.62347524e-01 3.62347524e-01
 4.48014876e-01 3.23386774e-01 3.36139910e-01 3.45134108e-01 3.51276783e-01 3.55374738e-01 3.58059101e-01 3.59789709e-01 3.60887927e-01 3.61572574e-01 3.61990060e-01 3.62237083e-01 3.63539626e-01 3.62376845e-01 3.63220889e-01 3.62450240e-01 3.62995309e-01 3.62483483e-01
 4.48014876e-01 3.33718621e-01 3.44012803e-01 3.51114109e-01 3.55818544e-01 3.58835085e-01 3.60709464e-01 3.61832590e-01 3.62473122e-01 3.62810762e-01 3.62963292e-01 3.63006555e-01 3.64081418e-01 3.62988533e-01 3.63672958e-01 3.62938961e-01 3.63371080e-01 3.62875820e-01
 4.48014876e-01 3.44434672e-01 3.52093024e-01 3.57205224e-01 3.60421233e-01 3.62330011e-01 3.63380137e-01 3.63887749e-01 3.64065904e-01 3.64053716e-01 3.63939555e-01 3.63777971e-01 3.64624502e-01 3.63601477e-01 3.64125899e-01 3.63428500e-01 3.63747438e-01 3.63268692e-01
 4.48014876e-01 3.55477753e-01 3.60352050e-01 3.63394064e-01 3.65078860e-01 3.65856917e-01 3.66070012e-01 3.65954714e-01 3.65666074e-01 3.65301351e-01 3.64918813e-01 3.64551316e-01 3.65168885e-01 3.64215670e-01 3.64579715e-01 3.63918851e-01 3.64124383e-01 3.63662096e-01
 4.48014876e-01 3.66763882e-01 3.68751774e-01 3.69663955e-01 3.69784331e-01 3.69412834e-01 3.68777852e-01 3.68032974e-01 3.67273418e-01 3.66553578e-01 3.65901026e-01 3.65326573e-01 3.65714571e-01 3.64831105e-01 3.65034409e-01 3.64410014e-01 3.64501917e-01 3.64056031e-01
 4.48014876e-01 3.78176726e-01 3.77242933e-01 3.75994516e-01 3.74529338e-01 3.72994393e-01 3.71502293e-01 3.70121970e-01 3.68887707e-01 3.67810301e-01 3.66886155e-01 3.66103726e-01 3.66261568e-01 3.65447775e-01 3.65489983e-01 3.64901983e-01 3.64880041e-01 3.64450495e-01
 4.48014876e-01 3.89562494e-01 3.85763562e-01 3.82361228e-01 3.79304238e-01 3.76597796e-01 3.74241827e-01 3.72221099e-01 3.70508696e-01 3.69071421e-01 3.67874159e-01 3.66882756e-01 3.66809881e-01 3.66065673e-01 3.65946439e-01 3.65394757e-01 3.65258756e-01 3.64845487e-01
 4.48014876e-01 4.00726319e-01 3.94237595e-01 3.88735009e-01 3.84097934e-01 3.80218778e-01 3.76994795e-01 3.74329707e-01 3.72136123e-01 3.70336829e-01 3.68864992e-01 3.67663646e-01 3.67359516e-01 3.66684790e-01 3.66403780e-01 3.65888331e-01 3.65638062e-01 3.65241006e-01
 4.48014876e-01 4.11431526e-01 4.02573819e-01 3.95081817e-01 3.88897758e-01 3.83852578e-01 3.79759380e-01 3.76447088e-01 3.73769710e-01 3.71606415e-01 3.69858610e-01 3.68446375e-01 3.67910481e-01 3.67305119e-01 3.66862008e-01 3.66382702e-01 3.66017961e-01 3.65637050e-01
