 4.42232270e-01 3.92997170e-01 3.92997170e-01 3.92997170e-01 3.92997170e-01 3.92997170e-01 3.92997170e-01 3.92997170e-01 3.92997170e-01 3.92997170e-01 3.92997170e-01 3.92997170e-01 3.92997170e-01 3.92997170e-01 3.92997170e-01 3.92997170e-01 3.92997170e-01 3.92997170e-01
 4.48014876e-01 3.62095953e-01 3.72532620e-01 3.79682387e-01 3.84475274e-01 3.87637478e-01 3.89696750e-01 3.91021316e-01 3.91862047e-01 3.92387304e-01 3.92708868e-01 3.92900309e-01 3.93893710e-01 3.93009668e-01 3.93654379e-01 3.93068056e-01 3.93485016e-01 3.93095450e-01
 4.48014876e-01 3.70629828e-01 3.78825335e-01 3.84345884e-01 3.87956796e-01 3.90259536e-01 3.91689876e-01 3.92550192e-01 3.93044913e-01 3.93309759e-01 3.93433489e-01 3.93473321e-01 3.94293358e-01 3.93465570e-01 3.93989141e-01 3.93432851e-01 3.93764348e-01 3.93388925e-01
 4.48014876e-01 3.79209002e-01 3.85130069e-01 3.89010954e-01 3.91437958e-01 3.92881516e-01 3.93683393e-01 3.94079689e-01 3.94228424e-01 3.94232778e-01 3.94158559e-01 3.94046670e-01 3.94693508e-01 3.93921715e-01 3.94324225e-01 3.93797817e-01 3.94043887e-01 3.93682517e-01
 4.48014876e-01 3.87764783e-01 3.91415648e-01 3.93663822e-01 3.94912767e-01 3.95500825e-01 3.95676174e-01 3.95609314e-01 3.95412363e-01 3.95156262e-01 3.94884033e-01 3.94620335e-01 3.95094159e-01 3.94378093e-01 3.94659629e-01 3.94162948e-01 3.94323630e-01 3.93976226e-01
 4.48014876e-01 3.96215284e-01 3.97646264e-01 3.98289123e-01 3.98374682e-01 3.98114678e-01 3.97667026e-01 3.97138550e-01 3.96596501e-01 3.96080110e-01 3.95609863e-01 3.95194293e-01 3.95495312e-01 3.94834693e-01 3.94995354e-01 3.94528241e-01 3.94603579e-01 3.94270047e-01
 4.48014876e-01 4.04465176e-01 4.03781322e-01 4.02869823e-01 4.01816589e-01 4.00720092e-01 3.99654688e-01 3.98666855e-01 3.97780602e-01 3.97004217e-01 3.96336003e-01 3.95768524e-01 3.95896964e-01 3.95291505e-01 3.95331398e-01 3.94893690e-01 3.94883731e-01 3.94563979e-01
 4.48014876e-01 4.12406219e-01 4.09775391e-01 4.07387180e-01 4.05230775e-01 4.03313875e-01 4.01637822e-01 4.00193662e-01 3.98964421e-01 3.97928474e-01 3.97062404e-01 3.96343004e-01 3.96299116e-01 3.95748520e-01 3.95667759e-01 3.95259291e-01 3.95164086e-01 3.94858020e-01
 4.48014876e-01 4.19918800e-01 4.15578324e-01 4.11820706e-01 4.08608913e-01 4.05892620e-01 4.03615018e-01 4.01718377e-01 4.00147704e-01 3.98852771e-01 3.97789015e-01 3.96917711e-01 3.96701767e-01 3.96205726e-01 3.96004438e-01 3.95625037e-01 3.95444643e-01 3.95152166e-01
 4.48014876e-01 4.26874679e-01 4.21135560e-01 4.16148164e-01 4.11942037e-01 4.08452697e-01 4.05584786e-01 4.03240376e-01 4.01330184e-01 3.99776991e-01 3.98515786e-01 3.97492621e-01 3.97104915e-01 3.96663112e-01 3.96341432e-01 3.95990924e-01 3.95725401e-01 3.95446415e-01
