 4.42232270e-01 4.42232270e-01 4.42232270e-01 4.42232270e-01 4.42232270e-01 4.42232270e-01 4.42232270e-01 4.42232270e-01 4.42232270e-01 4.42232270e-01 4.42232270e-01 4.42232270e-01 4.42232270e-01 4.42232270e-01 4.42232270e-01 4.42232270e-01 4.42232270e-01 4.42232270e-01
 4.48014876e-01 4.36572390e-01 4.38700103e-01 4.40028863e-01 4.40865094e-01 4.41393589e-01 4.41727675e-01 4.41938043e-01 4.42069416e-01 4.42623692e-01 4.42150370e-01 4.42512809e-01 4.42199262e-01 4.42435645e-01 4.42227912e-01 4.42381651e-01 4.42243921e-01 4.42343597e-01
 4.48014876e-01 4.38292328e-01 4.39880372e-01 4.40863257e-01 4.41470323e-01 4.41842181e-01 4.42066211e-01 4.42197409e-01 4.42270693e-01 4.42737572e-01 4.42308318e-01 4.42611497e-01 4.42324444e-01 4.42520280e-01 4.42328031e-01 4.42453756e-01 4.42324683e-01 4.42404804e-01
 4.48014876e-01 4.39909398e-01 4.41005184e-01 4.41667423e-01 4.42058852e-01 4.42281401e-01 4.42399394e-01 4.42453659e-01 4.42470121e-01 4.42851057e-01 4.42465147e-01 4.42709866e-01 4.42448935e-01 4.42604669e-01 4.42427713e-01 4.42525675e-01 4.42405163e-01 4.42465872e-01
 4.48014876e-01 4.41419343e-01 4.42072575e-01 4.42440442e-01 4.42630246e-01 4.42711039e-01 4.42727123e-01 4.42706745e-01 4.42667676e-01 4.42964138e-01 4.42620844e-01 4.42807914e-01 4.42572727e-01 4.42688809e-01 4.42526955e-01 4.42597406e-01 4.42485361e-01 4.42526799e-01
 4.48014876e-01 4.42818096e-01 4.43080605e-01 4.43181394e-01 4.43184067e-01 4.43130885e-01 4.43049295e-01 4.42956615e-01 4.42863332e-01 4.43076811e-01 4.42775396e-01 4.42905636e-01 4.42695814e-01 4.42772698e-01 4.42625754e-01 4.42668947e-01 4.42565274e-01 4.42587586e-01
 4.48014876e-01 4.44101815e-01 4.44027375e-01 4.43889357e-01 4.43719871e-01 4.43540727e-01 4.43365808e-01 4.43203221e-01 4.43057065e-01 4.43189067e-01 4.42928791e-01 4.43003027e-01 4.42818191e-01 4.42856333e-01 4.42724107e-01 4.42740298e-01 4.42644900e-01 4.42648231e-01
 4.48014876e-01 4.45266909e-01 4.44911022e-01 4.44563413e-01 4.44237212e-01 4.43940349e-01 4.43676557e-01 4.43446509e-01 4.43248849e-01 4.43300899e-01 4.43081017e-01 4.43100084e-01 4.42939850e-01 4.42939712e-01 4.42822010e-01 4.42811457e-01 4.42724239e-01 4.42708734e-01
 4.48014876e-01 4.46310061e-01 4.45729731e-01 4.45202641e-01 4.44735639e-01 4.44329530e-01 4.43981435e-01 4.43686429e-01 4.43438659e-01 4.43412300e-01 4.43232059e-01 4.43196801e-01 4.43060785e-01 4.43022832e-01 4.42919460e-01 4.42882422e-01 4.42803288e-01 4.42769093e-01
 4.48014876e-01 4.47228259e-01 4.46481738e-01 4.45806125e-01 4.45214697e-01 4.44708051e-01 4.44280334e-01 4.43922927e-01 4.43626468e-01 4.43523263e-01 4.43381906e-01 4.43293174e-01 4.43180989e-01 4.43105691e-01 4.43016453e-01 4.42953192e-01 4.42882045e-01 4.42829307e-01
