 4.42232270e-01 4.21390676e-01 4.21390676e-01 4.21390676e-01 4.21390676e-01 4.21390676e-01 4.21390676e-01 4.21390676e-01 4.21390676e-01 4.21390676e-01 4.21390676e-01 4.21390676e-01 4.21390676e-01 4.21390676e-01 4.21390676e-01 4.21390676e-01 4.21390676e-01 4.21390676e-01
 4.48014876e-01 4.02863824e-01 4.09425691e-01 4.13736882e-01 4.16547138e-01 4.18367706e-01 4.19539494e-01 4.20287666e-01 4.20760364e-01 4.21054841e-01 4.21234789e-01 4.22088200e-01 4.21341784e-01 4.21897672e-01 4.21402828e-01 4.21763778e-01 4.21435367e-01 4.21668909e-01
 4.48014876e-01 4.08234822e-01 4.13239309e-01 4.16489494e-01 4.18566678e-01 4.19872216e-01 4.20675826e-01 4.21156406e-01 4.21431661e-01 4.21578487e-01 4.21646708e-01 4.22358118e-01 4.21668283e-01 4.22126051e-01 4.21663432e-01 4.21955951e-01 4.21644746e-01 4.21830077e-01
 4.48014876e-01 4.13444908e-01 4.16959071e-01 4.19188810e-01 4.20556465e-01 4.21360243e-01 4.21803029e-01 4.22020061e-01 4.22100097e-01 4.22100500e-01 4.22057679e-01 4.22627984e-01 4.21994221e-01 4.22354361e-01 4.21923698e-01 4.22148054e-01 4.21853914e-01 4.21991184e-01
 4.48014876e-01 4.18457877e-01 4.20569293e-01 4.21828026e-01 4.22513527e-01 4.22830473e-01 4.22920513e-01 4.22878362e-01 4.22765547e-01 4.22620822e-01 4.22467675e-01 4.22897795e-01 4.22319585e-01 4.22582597e-01 4.22183617e-01 4.22340085e-01 4.22062869e-01 4.22152229e-01
 4.48014876e-01 4.23235901e-01 4.24053602e-01 4.24400057e-01 4.24434776e-01 4.24281547e-01 4.24027671e-01 4.23731034e-01 4.23427884e-01 4.23139394e-01 4.22876666e-01 4.23167546e-01 4.22644359e-01 4.22810756e-01 4.22443183e-01 4.22532042e-01 4.22271606e-01 4.22313209e-01
 4.48014876e-01 4.27740054e-01 4.27395025e-01 4.26897546e-01 4.26317012e-01 4.25712059e-01 4.25123877e-01 4.24577794e-01 4.24086978e-01 4.23656153e-01 4.23284624e-01 4.23437230e-01 4.22968530e-01 4.23038835e-01 4.22702388e-01 4.22723922e-01 4.22480122e-01 4.22474124e-01
 4.48014876e-01 4.31930950e-01 4.30576103e-01 4.29312878e-01 4.28156920e-01 4.27120555e-01 4.26208487e-01 4.25418351e-01 4.24742695e-01 4.24171037e-01 4.23691518e-01 4.23706843e-01 4.23292084e-01 4.23266829e-01 4.22961226e-01 4.22915724e-01 4.22688414e-01 4.22634973e-01
 4.48014876e-01 4.35769502e-01 4.33579026e-01 4.31638205e-01 4.29951072e-01 4.28505535e-01 4.27280837e-01 4.26252408e-01 4.25394900e-01 4.24683983e-01 4.24097319e-01 4.23976379e-01 4.23615006e-01 4.23494736e-01 4.23219689e-01 4.23107445e-01 4.22896477e-01 4.22795753e-01
 4.48014876e-01 4.39217759e-01 4.36385785e-01 4.33865459e-01 4.31695929e-01 4.29865450e-01 4.28340242e-01 4.27079657e-01 4.26043451e-01 4.25194926e-01 4.24501995e-01 4.24245831e-01 4.23937281e-01 4.23722551e-01 4.23477769e-01 4.23299083e-01 4.23104308e-01 4.22956464e-01
