 4.42232270e-01 3.32842712e-01 3.32842712e-01 3.32842712e-01 3.32842712e-01 3.32842712e-01 3.32842712e-01 3.32842712e-01 3.32842712e-01 3.32842712e-01 3.32842712e-01 3.32842712e-01 3.32842712e-01 3.32842712e-01 3.32842712e-01 3.32842712e-01 3.32842712e-01 3.32842712e-01
 4.48014876e-01 2.90077920e-01 3.03846931e-01 3.13729319e-01 3.20548086e-01 3.25119830e-01 3.28118454e-01 3.30049125e-01 3.31270224e-01 3.32027544e-01 3.32485967e-01 3.32754372e-01 3.32903779e-01 3.33843349e-01 3.32980021e-01 3.33585612e-01 3.33012355e-01 3.33401055e-01
 4.48014876e-01 3.01085396e-01 3.12458240e-01 3.20404953e-01 3.25692378e-01 3.29078785e-01 3.31171584e-01 3.32413456e-01 3.33110620e-01 3.33468026e-01 3.33619622e-01 3.33651228e-01 3.33616779e-01 3.34375906e-01 3.33549445e-01 3.34026878e-01 3.33469063e-01 3.33765824e-01
 4.48014876e-01 3.12783960e-01 3.21467515e-01 3.27304327e-01 3.30962756e-01 3.33109877e-01 3.34266799e-01 3.34802823e-01 3.34966176e-01 3.34917832e-01 3.34759086e-01 3.34551744e-01 3.34332107e-01 3.34909882e-01 3.34120363e-01 3.34469108e-01 3.33926736e-01 3.34131246e-01
 4.48014876e-01 3.25164779e-01 3.30866525e-01 3.34422293e-01 3.36356617e-01 3.37211943e-01 3.37403621e-01 3.37217044e-01 3.36836831e-01 3.36376941e-01 3.35904355e-01 3.35455920e-01 3.35049764e-01 3.35445282e-01 3.34692776e-01 3.34912306e-01 3.34385375e-01 3.34497323e-01
 4.48014876e-01 3.38189023e-01 3.40635790e-01 3.41749745e-01 3.41870019e-01 3.41383374e-01 3.40581426e-01 3.39655889e-01 3.38722501e-01 3.37845329e-01 3.37055422e-01 3.36363756e-01 3.35769752e-01 3.35982112e-01 3.35266683e-01 3.35356474e-01 3.34844980e-01 3.34864056e-01
 4.48014876e-01 3.51775532e-01 3.50741150e-01 3.49272726e-01 3.47497457e-01 3.45622063e-01 3.43799426e-01 3.42119074e-01 3.40623092e-01 3.39322965e-01 3.38212280e-01 3.37275251e-01 3.36492072e-01 3.36520381e-01 3.35842087e-01 3.35801616e-01 3.35305553e-01 3.35231447e-01
 4.48014876e-01 3.65785948e-01 3.61129772e-01 3.56971418e-01 3.53231606e-01 3.49925335e-01 3.47056661e-01 3.44606258e-01 3.42538485e-01 3.40809811e-01 3.39374918e-01 3.38190404e-01 3.37216722e-01 3.37060093e-01 3.36418989e-01 3.36247736e-01 3.35767094e-01 3.35599498e-01
 4.48014876e-01 3.80008300e-01 3.71725653e-01 3.64819015e-01 3.59063050e-01 3.54289886e-01 3.50351971e-01 3.47117041e-01 3.44468547e-01 3.42305825e-01 3.40543324e-01 3.39109211e-01 3.37943705e-01 3.37601257e-01 3.36997389e-01 3.36694835e-01 3.36229603e-01 3.35968210e-01
 4.48014876e-01 3.94141502e-01 3.82424899e-01 3.72780505e-01 3.64979982e-01 3.58711702e-01 3.53683988e-01 3.49650957e-01 3.46413121e-01 3.43810957e-01 3.41717484e-01 3.40031670e-01 3.38673021e-01 3.38143878e-01 3.37577287e-01 3.37142919e-01 3.36693083e-01 3.36337585e-01
